27, 8, pa1-unknown-b-output.txt
 198.14,  194.51,  195.59
 390.17,  406.70,  190.38
 211.44,  211.96,  209.78
 211.86,  213.63,  334.77
 212.28,  215.30,  459.76
 210.70,  336.94,  208.11
 211.12,  338.61,  333.10
 211.54,  340.29,  458.09
 209.96,  461.93,  206.44
 210.38,  463.60,  331.43
 210.80,  465.27,  456.42
 336.44,  212.69,  209.35
 336.86,  214.36,  334.34
 337.27,  216.03,  459.33
 335.70,  337.68,  207.68
 336.12,  339.35,  332.67
 336.54,  341.02,  457.66
 334.96,  462.66,  206.01
 335.38,  464.34,  331.00
 335.80,  466.01,  455.99
 461.44,  213.42,  208.93
 461.85,  215.10,  333.91
 462.27,  216.77,  458.90
 460.70,  338.41,  207.26
 461.11,  340.08,  332.25
 461.53,  341.75,  457.23
 459.96,  463.40,  205.59
 460.37,  465.07,  330.58
 460.79,  466.74,  455.56
 208.38,  210.31,  448.99
 207.67,  212.78,  573.97
 206.97,  215.26,  698.94
 209.93,  335.28,  446.53
 209.23,  337.75,  571.50
 208.52,  340.22,  696.47
 211.48,  460.24,  444.06
 210.78,  462.72,  569.04
 210.08,  465.19,  694.01
 333.37,  208.77,  449.73
 332.66,  211.25,  574.70
 331.96,  213.72,  699.67
 334.92,  333.74,  447.26
 334.22,  336.21,  572.24
 333.51,  338.69,  697.21
 336.47,  458.70,  444.80
 335.77,  461.18,  569.77
 335.06,  463.65,  694.74
 458.35,  207.23,  450.46
 457.65,  209.71,  575.43
 456.95,  212.18,  700.41
 459.91,  332.20,  448.00
 459.20,  334.67,  572.97
 458.50,  337.15,  697.94
 461.46,  457.16,  445.53
 460.76,  459.64,  570.50
 460.05,  462.11,  695.48
 209.95,  451.06,  211.83
 210.06,  451.78,  336.83
 210.18,  452.51,  461.82
 213.01,  576.02,  211.10
 213.12,  576.74,  336.10
 213.24,  577.47,  461.10
 216.06,  700.98,  210.38
 216.18,  701.71,  335.38
 216.29,  702.43,  460.38
 334.91,  448.01,  211.73
 335.03,  448.73,  336.73
 335.14,  449.45,  461.73
 337.97,  572.97,  211.01
 338.08,  573.69,  336.01
 338.20,  574.41,  461.00
 341.03,  697.93,  210.28
 341.14,  698.65,  335.28
 341.25,  699.37,  460.28
 459.88,  444.95,  211.64
 459.99,  445.67,  336.63
 460.10,  446.39,  461.63
 462.93,  569.91,  210.91
 463.05,  570.63,  335.91
 463.16,  571.35,  460.91
 465.99,  694.87,  210.19
 466.10,  695.59,  335.19
 466.22,  696.31,  460.18
 209.66,  450.27,  451.14
 209.42,  451.00,  576.13
 209.17,  451.73,  701.13
 208.59,  575.26,  450.40
 208.35,  576.00,  575.40
 208.11,  576.73,  700.40
 207.53,  700.26,  449.67
 207.28,  700.99,  574.67
 207.04,  701.72,  699.66
 334.66,  451.34,  451.37
 334.41,  452.07,  576.37
 334.17,  452.80,  701.37
 333.59,  576.33,  450.64
 333.35,  577.06,  575.64
 333.10,  577.80,  700.64
 332.52,  701.33,  449.91
 332.28,  702.06,  574.90
 332.04,  702.79,  699.90
 459.65,  452.41,  451.61
 459.41,  453.14,  576.61
 459.17,  453.87,  701.61
 458.59,  577.40,  450.88
 458.34,  578.13,  575.88
 458.10,  578.87,  700.87
 457.52,  702.40,  450.14
 457.27,  703.13,  575.14
 457.03,  703.86,  700.14
 448.61,  210.54,  211.72
 445.05,  207.77,  336.64
 441.49,  204.99,  461.55
 445.95,  335.49,  214.42
 442.39,  332.71,  339.34
 438.83,  329.93,  464.26
 443.29,  460.43,  217.12
 439.73,  457.65,  342.04
 436.17,  454.87,  466.96
 573.53,  213.13,  215.33
 569.97,  210.35,  340.25
 566.42,  207.57,  465.17
 570.87,  338.07,  218.03
 567.31,  335.29,  342.95
 563.76,  332.51,  467.87
 568.21,  463.01,  220.74
 564.65,  460.23,  345.65
 561.09,  457.45,  470.57
 698.45,  215.71,  218.95
 694.89,  212.93,  343.87
 691.34,  210.15,  468.78
 695.79,  340.65,  221.65
 692.23,  337.87,  346.57
 688.68,  335.09,  471.49
 693.13,  465.59,  224.35
 689.57,  462.81,  349.27
 686.02,  460.04,  474.19
 451.93,  210.48,  450.63
 451.91,  207.11,  575.58
 451.89,  203.73,  700.54
 452.73,  335.44,  454.01
 452.71,  332.06,  578.96
 452.69,  328.69,  703.91
 453.53,  460.39,  457.38
 453.50,  457.01,  582.33
 453.48,  453.64,  707.29
 576.93,  209.69,  450.63
 576.91,  206.31,  575.58
 576.89,  202.94,  700.54
 577.73,  334.64,  454.01
 577.70,  331.26,  578.96
 577.68,  327.89,  703.91
 578.52,  459.59,  457.38
 578.50,  456.21,  582.34
 578.48,  452.84,  707.29
 701.93,  208.89,  450.63
 701.91,  205.51,  575.59
 701.88,  202.14,  700.54
 702.72,  333.84,  454.01
 702.70,  330.46,  578.96
 702.68,  327.09,  703.91
 703.52,  458.79,  457.38
 703.50,  455.42,  582.34
 703.48,  452.04,  707.29
 448.79,  451.34,  211.30
 447.77,  448.48,  336.27
 446.75,  445.62,  461.23
 449.23,  576.31,  214.17
 448.21,  573.45,  339.13
 447.19,  570.59,  464.09
 449.66,  701.27,  217.03
 448.65,  698.41,  341.99
 447.63,  695.56,  466.95
 573.78,  450.88,  212.31
 572.76,  448.02,  337.27
 571.75,  445.16,  462.24
 574.22,  575.84,  215.17
 573.20,  572.99,  340.14
 572.18,  570.13,  465.10
 574.66,  700.81,  218.03
 573.64,  697.95,  343.00
 572.62,  695.09,  467.96
 698.78,  450.42,  213.32
 697.76,  447.56,  338.28
 696.74,  444.70,  463.25
 699.22,  575.38,  216.18
 698.20,  572.53,  341.14
 697.18,  569.67,  466.11
 699.65,  700.35,  219.04
 698.64,  697.49,  344.01
 697.62,  694.63,  468.97
 449.35,  450.10,  451.91
 446.33,  446.68,  576.82
 443.31,  443.25,  701.74
 447.57,  575.05,  455.29
 444.56,  571.62,  580.21
 441.54,  568.19,  705.13
 445.80,  699.99,  458.68
 442.78,  696.56,  583.60
 439.76,  693.13,  708.51
 574.30,  451.80,  454.97
 571.28,  448.37,  579.89
 568.26,  444.94,  704.81
 572.53,  576.74,  458.36
 569.51,  573.31,  583.27
 566.49,  569.88,  708.19
 570.75,  701.68,  461.74
 567.73,  698.25,  586.66
 564.72,  694.82,  711.58
 699.25,  453.49,  458.04
 696.23,  450.06,  582.95
 693.21,  446.63,  707.87
 697.48,  578.43,  461.42
 694.46,  575.00,  586.34
 691.44,  571.57,  711.26
 695.70,  703.37,  464.81
 692.68,  699.94,  589.73
 689.67,  696.52,  714.64