27, 8, pa1-unknown-f-output.txt
 195.77,  220.64,  196.59
 401.43,  401.80,  197.15
 210.35,  210.15,  208.89
 208.08,  211.05,  333.87
 205.81,  211.95,  458.84
 206.82,  335.10,  207.93
 204.55,  336.00,  332.90
 202.28,  336.90,  457.88
 203.30,  460.04,  206.96
 201.03,  460.94,  331.94
 198.76,  461.84,  456.91
 335.28,  213.69,  211.14
 333.01,  214.59,  336.11
 330.74,  215.49,  461.09
 331.75,  338.64,  210.17
 329.48,  339.54,  335.15
 327.21,  340.44,  460.12
 328.23,  463.59,  209.21
 325.96,  464.49,  334.18
 323.69,  465.39,  459.16
 460.21,  217.23,  213.38
 457.94,  218.14,  338.35
 455.67,  219.04,  463.33
 456.68,  342.18,  212.41
 454.41,  343.08,  337.39
 452.14,  343.98,  462.37
 453.16,  467.13,  211.45
 450.89,  468.03,  336.42
 448.62,  468.93,  461.40
 208.49,  208.91,  448.23
 208.13,  209.35,  573.23
 207.77,  209.78,  698.23
 205.08,  333.86,  447.79
 204.72,  334.30,  572.79
 204.36,  334.73,  697.79
 201.68,  458.81,  447.34
 201.32,  459.25,  572.34
 200.95,  459.69,  697.34
 333.45,  212.32,  448.58
 333.08,  212.75,  573.58
 332.72,  213.19,  698.58
 330.04,  337.27,  448.14
 329.68,  337.71,  573.14
 329.32,  338.14,  698.13
 326.63,  462.22,  447.69
 326.27,  462.66,  572.69
 325.91,  463.10,  697.69
 458.40,  215.73,  448.93
 458.04,  216.16,  573.93
 457.68,  216.60,  698.93
 454.99,  340.68,  448.49
 454.63,  341.12,  573.48
 454.27,  341.55,  698.48
 451.58,  465.63,  448.04
 451.22,  466.07,  573.04
 450.86,  466.50,  698.04
 210.64,  451.20,  211.91
 210.42,  452.38,  336.91
 210.20,  453.57,  461.90
 209.62,  576.19,  210.73
 209.40,  577.38,  335.72
 209.18,  578.56,  460.71
 208.61,  701.18,  209.54
 208.39,  702.37,  334.53
 208.16,  703.55,  459.53
 335.63,  452.22,  212.13
 335.41,  453.40,  337.12
 335.19,  454.59,  462.11
 334.62,  577.21,  210.94
 334.40,  578.39,  335.93
 334.18,  579.58,  460.93
 333.60,  702.20,  209.75
 333.38,  703.38,  334.74
 333.16,  704.57,  459.74
 460.63,  453.24,  212.34
 460.41,  454.42,  337.33
 460.19,  455.61,  462.33
 459.61,  578.23,  211.15
 459.39,  579.41,  336.14
 459.17,  580.60,  461.14
 458.60,  703.22,  209.96
 458.38,  704.40,  334.96
 458.16,  705.59,  459.95
 211.15,  451.63,  451.83
 211.06,  455.07,  576.78
 210.98,  458.51,  701.73
 210.18,  576.58,  448.39
 210.10,  580.02,  573.34
 210.01,  583.46,  698.29
 209.22,  701.53,  444.95
 209.13,  704.97,  569.90
 209.05,  708.41,  694.85
 336.14,  452.60,  451.89
 336.06,  456.04,  576.84
 335.97,  459.48,  701.79
 335.18,  577.55,  448.45
 335.09,  580.99,  573.40
 335.01,  584.43,  698.35
 334.21,  702.49,  445.00
 334.13,  705.94,  569.96
 334.04,  709.38,  694.91
 461.14,  453.56,  451.95
 461.05,  457.00,  576.90
 460.97,  460.44,  701.85
 460.17,  578.51,  448.50
 460.09,  581.95,  573.46
 460.00,  585.39,  698.41
 459.21,  703.46,  445.06
 459.12,  706.90,  570.02
 459.04,  710.34,  694.97
 450.35,  208.57,  208.55
 450.06,  207.51,  333.54
 449.77,  206.45,  458.54
 452.76,  333.54,  209.61
 452.47,  332.48,  334.61
 452.18,  331.42,  459.60
 455.17,  458.51,  210.68
 454.88,  457.45,  335.67
 454.59,  456.39,  460.67
 575.32,  206.15,  208.82
 575.03,  205.09,  333.81
 574.74,  204.03,  458.81
 577.73,  331.13,  209.88
 577.44,  330.07,  334.88
 577.15,  329.01,  459.87
 580.14,  456.10,  210.95
 579.85,  455.04,  335.94
 579.56,  453.98,  460.94
 700.30,  203.74,  209.09
 700.01,  202.68,  334.08
 699.72,  201.62,  459.08
 702.71,  328.71,  210.15
 702.42,  327.65,  335.15
 702.13,  326.59,  460.14
 705.12,  453.68,  211.22
 704.83,  452.62,  336.21
 704.54,  451.56,  461.21
 450.95,  211.96,  451.37
 449.74,  212.40,  576.37
 448.53,  212.83,  701.36
 451.78,  336.96,  450.95
 450.57,  337.39,  575.94
 449.35,  337.83,  700.93
 452.61,  461.96,  450.52
 451.40,  462.39,  575.52
 450.18,  462.82,  700.51
 575.94,  211.14,  452.59
 574.73,  211.57,  577.58
 573.52,  212.01,  702.58
 576.77,  336.14,  452.16
 575.56,  336.57,  577.16
 574.35,  337.00,  702.15
 577.60,  461.13,  451.74
 576.39,  461.57,  576.73
 575.17,  462.00,  701.72
 700.93,  210.31,  453.80
 699.72,  210.75,  578.80
 698.51,  211.18,  703.79
 701.76,  335.31,  453.38
 700.55,  335.74,  578.37
 699.34,  336.18,  703.36
 702.59,  460.31,  452.95
 701.38,  460.74,  577.95
 700.17,  461.17,  702.94
 448.45,  451.93,  211.55
 448.74,  451.66,  336.55
 449.02,  451.39,  461.55
 446.60,  576.92,  211.83
 446.88,  576.65,  336.83
 447.16,  576.38,  461.83
 444.75,  701.90,  212.10
 445.03,  701.63,  337.10
 445.31,  701.36,  462.10
 573.44,  453.79,  211.28
 573.72,  453.52,  336.28
 574.00,  453.24,  461.27
 571.59,  578.77,  211.55
 571.87,  578.50,  336.55
 572.15,  578.23,  461.55
 569.74,  703.76,  211.83
 570.02,  703.49,  336.82
 570.30,  703.22,  461.82
 698.43,  455.64,  211.00
 698.71,  455.37,  336.00
 698.99,  455.10,  461.00
 696.57,  580.63,  211.27
 696.86,  580.35,  336.27
 697.14,  580.08,  461.27
 694.72,  705.61,  211.55
 695.00,  705.34,  336.55
 695.28,  705.07,  461.55
 450.38,  448.83,  451.61
 447.00,  446.01,  576.53
 443.63,  443.19,  701.45
 449.91,  573.79,  454.42
 446.54,  570.97,  579.34
 443.16,  568.15,  704.26
 449.45,  698.76,  457.22
 446.07,  695.94,  582.15
 442.70,  693.12,  707.07
 575.33,  449.21,  454.99
 571.96,  446.40,  579.92
 568.58,  443.58,  704.84
 574.87,  574.18,  457.80
 571.49,  571.36,  582.73
 568.11,  568.54,  707.65
 574.40,  699.15,  460.61
 571.03,  696.33,  585.53
 567.65,  693.51,  710.46
 700.29,  449.60,  458.38
 696.91,  446.78,  583.30
 693.53,  443.97,  708.23
 699.82,  574.57,  461.19
 696.44,  571.75,  586.11
 693.07,  568.93,  711.03
 699.36,  699.54,  464.00
 695.98,  696.72,  588.92
 692.60,  693.90,  713.84