27, 8, pa1-unknown-c-output.txt
 200.97,  190.50,  193.85
 405.74,  406.63,  196.20
 210.97,  210.00,  208.59
 214.27,  212.49,  333.52
 217.57,  214.98,  458.45
 212.52,  334.97,  206.06
 215.82,  337.46,  330.99
 219.12,  339.95,  455.92
 214.07,  459.93,  203.53
 217.37,  462.42,  328.46
 220.67,  464.91,  453.39
 335.92,  208.39,  205.32
 339.22,  210.88,  330.25
 342.52,  213.37,  455.18
 337.46,  333.35,  202.79
 340.76,  335.84,  327.72
 344.07,  338.33,  452.65
 339.01,  458.31,  200.26
 342.31,  460.80,  325.19
 345.61,  463.29,  450.12
 460.86,  206.77,  202.05
 464.16,  209.26,  326.98
 467.46,  211.75,  451.92
 462.41,  331.73,  199.52
 465.71,  334.22,  324.45
 469.01,  336.71,  449.38
 463.96,  456.70,  196.99
 467.26,  459.19,  321.92
 470.56,  461.68,  446.85
 209.31,  208.28,  451.27
 206.55,  211.76,  576.19
 203.78,  215.24,  701.12
 212.26,  333.20,  447.86
 209.49,  336.68,  572.78
 206.73,  340.16,  697.70
 215.20,  458.12,  444.45
 212.44,  461.60,  569.37
 209.67,  465.07,  694.29
 334.24,  205.41,  454.12
 331.48,  208.89,  579.04
 328.72,  212.37,  703.96
 337.19,  330.33,  450.71
 334.43,  333.81,  575.63
 331.66,  337.29,  700.55
 340.13,  455.25,  447.29
 337.37,  458.73,  572.22
 334.61,  462.21,  697.14
 459.18,  202.55,  456.96
 456.41,  206.02,  581.88
 453.65,  209.50,  706.81
 462.12,  327.46,  453.55
 459.36,  330.94,  578.47
 456.59,  334.42,  703.39
 465.07,  452.38,  450.14
 462.30,  455.86,  575.06
 459.54,  459.34,  699.98
 210.81,  451.21,  208.95
 209.73,  449.24,  333.93
 208.65,  447.27,  458.91
 210.97,  576.19,  210.92
 209.89,  574.22,  335.90
 208.81,  572.26,  460.88
 211.14,  701.18,  212.89
 210.06,  699.21,  337.87
 208.97,  697.24,  462.85
 335.81,  451.03,  210.03
 334.72,  449.06,  335.01
 333.64,  447.09,  459.99
 335.97,  576.01,  212.00
 334.89,  574.04,  336.98
 333.80,  572.08,  461.96
 336.13,  701.00,  213.97
 335.05,  699.03,  338.95
 333.97,  697.06,  463.93
 460.80,  450.85,  211.11
 459.72,  448.88,  336.09
 458.64,  446.91,  461.07
 460.97,  575.83,  213.08
 459.88,  573.87,  338.06
 458.80,  571.90,  463.04
 461.13,  700.82,  215.05
 460.05,  698.85,  340.03
 458.96,  696.88,  465.01
 209.75,  451.27,  450.03
 210.09,  452.88,  575.02
 210.43,  454.48,  700.01
 211.90,  576.24,  448.42
 212.25,  577.85,  573.41
 212.59,  579.45,  698.40
 214.06,  701.21,  446.81
 214.40,  702.82,  571.80
 214.74,  704.42,  696.79
 334.73,  449.11,  449.71
 335.07,  450.72,  574.70
 335.42,  452.32,  699.69
 336.88,  574.09,  448.10
 337.23,  575.69,  573.09
 337.57,  577.29,  698.08
 339.04,  699.06,  446.49
 339.38,  700.66,  571.48
 339.72,  702.27,  696.47
 459.71,  446.96,  449.40
 460.05,  448.56,  574.39
 460.40,  450.17,  699.38
 461.87,  571.93,  447.79
 462.21,  573.53,  572.78
 462.55,  575.14,  697.77
 464.02,  696.90,  446.18
 464.36,  698.50,  571.17
 464.70,  700.11,  696.16
 450.35,  210.01,  209.28
 453.86,  207.69,  334.21
 457.37,  205.37,  459.14
 450.36,  334.99,  211.60
 453.87,  332.67,  336.53
 457.37,  330.35,  461.46
 450.36,  459.97,  213.92
 453.87,  457.65,  338.85
 457.38,  455.33,  463.78
 575.30,  210.07,  205.78
 578.81,  207.75,  330.70
 582.32,  205.43,  455.63
 575.31,  335.05,  208.10
 578.82,  332.73,  333.03
 582.32,  330.41,  457.95
 575.31,  460.03,  210.42
 578.82,  457.71,  335.35
 582.33,  455.39,  460.27
 700.25,  210.13,  202.27
 703.76,  207.81,  327.20
 707.27,  205.49,  452.13
 700.26,  335.11,  204.59
 703.77,  332.79,  329.52
 707.27,  330.47,  454.45
 700.27,  460.09,  206.91
 703.77,  457.77,  331.84
 707.28,  455.45,  456.77
 450.67,  208.17,  449.86
 447.36,  210.46,  574.79
 444.05,  212.75,  699.73
 451.70,  333.15,  447.60
 448.40,  335.44,  572.53
 445.09,  337.73,  697.47
 452.74,  458.12,  445.33
 449.43,  460.41,  570.27
 446.13,  462.70,  695.20
 575.62,  207.19,  453.18
 572.31,  209.48,  578.12
 569.01,  211.78,  703.06
 576.66,  332.17,  450.92
 573.35,  334.46,  575.86
 570.04,  336.75,  700.79
 577.69,  457.14,  448.66
 574.38,  459.44,  573.59
 571.08,  461.73,  698.53
 700.57,  206.22,  456.51
 697.26,  208.51,  581.45
 693.96,  210.80,  706.38
 701.61,  331.19,  454.25
 698.30,  333.48,  579.18
 694.99,  335.77,  704.12
 702.64,  456.17,  451.98
 699.34,  458.46,  576.92
 696.03,  460.75,  701.85
 451.32,  449.20,  209.02
 454.62,  449.48,  333.98
 457.91,  449.77,  458.94
 450.40,  574.20,  208.77
 453.70,  574.48,  333.72
 456.99,  574.76,  458.68
 449.48,  699.19,  208.51
 452.78,  699.48,  333.46
 456.07,  699.76,  458.42
 576.28,  450.11,  205.73
 579.57,  450.40,  330.68
 582.87,  450.68,  455.64
 575.35,  575.11,  205.47
 578.65,  575.39,  330.43
 581.95,  575.68,  455.38
 574.43,  700.11,  205.21
 577.73,  700.39,  330.17
 581.02,  700.67,  455.12
 701.23,  451.03,  202.43
 704.52,  451.31,  327.39
 707.82,  451.59,  452.34
 700.31,  576.02,  202.17
 703.60,  576.31,  327.13
 706.90,  576.59,  452.08
 699.39,  701.02,  201.91
 702.68,  701.30,  326.87
 705.98,  701.59,  451.83
 451.15,  448.46,  449.22
 453.84,  450.32,  574.18
 456.53,  452.18,  699.14
 448.76,  573.42,  447.42
 451.45,  575.28,  572.37
 454.14,  577.14,  697.33
 446.37,  698.39,  445.61
 449.06,  700.25,  570.57
 451.75,  702.10,  695.52
 576.09,  450.81,  446.49
 578.79,  452.67,  571.45
 581.48,  454.52,  696.41
 573.70,  575.77,  444.69
 576.40,  577.63,  569.64
 579.09,  579.49,  694.60
 571.32,  700.74,  442.88
 574.01,  702.60,  567.84
 576.70,  704.45,  692.80
 701.04,  453.16,  443.77
 703.73,  455.02,  568.72
 706.43,  456.87,  693.68
 698.65,  578.12,  441.96
 701.35,  579.98,  566.92
 704.04,  581.84,  691.87
 696.26,  703.09,  440.15
 698.96,  704.94,  565.11
 701.65,  706.80,  690.07