27, 8, pa1-unknown-e-output.txt
 195.83,  193.14,  198.26
 400.05,  399.32,  190.29
 210.53,  210.16,  210.49
 206.90,  210.22,  335.44
 203.26,  210.27,  460.39
 213.02,  335.14,  210.51
 209.39,  335.19,  335.46
 205.76,  335.25,  460.40
 215.51,  460.11,  210.53
 211.88,  460.17,  335.47
 208.25,  460.23,  460.42
 335.45,  207.67,  214.13
 331.82,  207.73,  339.07
 328.19,  207.78,  464.02
 337.94,  332.65,  214.14
 334.31,  332.70,  339.09
 330.68,  332.76,  464.04
 340.44,  457.62,  214.16
 336.80,  457.68,  339.11
 333.17,  457.73,  464.06
 460.38,  205.18,  217.76
 456.74,  205.24,  342.71
 453.11,  205.29,  467.66
 462.87,  330.16,  217.78
 459.23,  330.21,  342.72
 455.60,  330.27,  467.67
 465.36,  455.13,  217.79
 461.73,  455.19,  342.74
 458.09,  455.24,  467.69
 208.30,  210.35,  451.41
 209.85,  207.00,  576.35
 211.41,  203.65,  701.30
 210.53,  335.28,  454.73
 212.09,  331.93,  579.68
 213.64,  328.58,  704.62
 212.77,  460.22,  458.05
 214.32,  456.87,  583.00
 215.88,  453.52,  707.94
 333.27,  208.16,  449.79
 334.82,  204.81,  574.74
 336.38,  201.46,  699.68
 335.50,  333.09,  453.12
 337.06,  329.74,  578.06
 338.61,  326.39,  703.01
 337.74,  458.03,  456.44
 339.29,  454.68,  581.38
 340.85,  451.33,  706.33
 458.24,  205.97,  448.18
 459.80,  202.62,  573.12
 461.35,  199.27,  698.07
 460.47,  330.90,  451.50
 462.03,  327.55,  576.45
 463.58,  324.20,  701.39
 462.71,  455.84,  454.82
 464.26,  452.49,  579.77
 465.82,  449.14,  704.71
 208.07,  450.72,  211.57
 206.80,  451.50,  336.56
 205.53,  452.29,  461.55
 208.20,  575.72,  210.79
 206.93,  576.50,  335.78
 205.66,  577.29,  460.77
 208.33,  700.72,  210.01
 207.06,  701.50,  335.00
 205.79,  702.28,  459.99
 333.07,  450.60,  212.84
 331.80,  451.38,  337.83
 330.53,  452.17,  462.82
 333.20,  575.60,  212.06
 331.93,  576.38,  337.05
 330.66,  577.16,  462.04
 333.33,  700.60,  211.28
 332.06,  701.38,  336.27
 330.79,  702.16,  461.26
 458.06,  450.48,  214.11
 456.79,  451.26,  339.10
 455.52,  452.05,  464.09
 458.19,  575.48,  213.33
 456.92,  576.26,  338.32
 455.65,  577.04,  463.31
 458.32,  700.47,  212.55
 457.05,  701.26,  337.54
 455.78,  702.04,  462.53
 208.11,  448.15,  451.41
 210.56,  445.14,  576.35
 213.01,  442.14,  701.29
 206.60,  573.10,  454.45
 209.05,  570.10,  579.39
 211.50,  567.09,  704.33
 205.09,  698.06,  457.48
 207.54,  695.05,  582.42
 209.99,  692.05,  707.36
 333.08,  449.71,  449.00
 335.52,  446.71,  573.94
 337.97,  443.71,  698.88
 331.57,  574.67,  452.03
 334.02,  571.66,  576.97
 336.46,  568.66,  701.91
 330.06,  699.62,  455.07
 332.51,  696.62,  580.01
 334.95,  693.61,  704.95
 458.04,  451.28,  446.59
 460.49,  448.28,  571.53
 462.94,  445.27,  696.47
 456.53,  576.24,  449.62
 458.98,  573.23,  574.56
 461.43,  570.23,  699.50
 455.03,  701.19,  452.66
 457.47,  698.19,  577.60
 459.92,  695.18,  702.54
 450.39,  208.24,  208.94
 447.60,  205.32,  333.87
 444.80,  202.40,  458.81
 448.69,  333.20,  211.82
 445.89,  330.28,  336.75
 443.09,  327.35,  461.69
 446.98,  458.15,  214.70
 444.18,  455.23,  339.64
 441.38,  452.31,  464.57
 575.35,  209.88,  211.77
 572.55,  206.96,  336.71
 569.76,  204.04,  461.64
 573.64,  334.84,  214.66
 570.85,  331.92,  339.59
 568.05,  329.00,  464.53
 571.94,  459.79,  217.54
 569.14,  456.87,  342.47
 566.34,  453.95,  467.41
 700.31,  211.53,  214.61
 697.51,  208.61,  339.54
 694.71,  205.68,  464.48
 698.60,  336.48,  217.49
 695.80,  333.56,  342.43
 693.00,  330.64,  467.36
 696.89,  461.44,  220.38
 694.09,  458.52,  345.31
 691.30,  455.59,  470.25
 450.18,  210.52,  451.46
 452.52,  212.75,  576.42
 454.86,  214.97,  701.38
 448.93,  335.50,  449.26
 451.27,  337.72,  574.22
 453.62,  339.94,  699.17
 447.69,  460.47,  447.06
 450.03,  462.69,  572.02
 452.37,  464.92,  696.97
 575.15,  211.72,  449.10
 577.49,  213.95,  574.05
 579.83,  216.17,  699.01
 573.91,  336.70,  446.90
 576.25,  338.92,  571.85
 578.59,  341.15,  696.81
 572.66,  461.67,  444.70
 575.00,  463.90,  569.65
 577.34,  466.12,  694.61
 700.12,  212.93,  446.73
 702.46,  215.15,  571.69
 704.80,  217.37,  696.65
 698.88,  337.90,  444.53
 701.22,  340.12,  569.49
 703.56,  342.35,  694.45
 697.63,  462.88,  442.33
 699.97,  465.10,  567.29
 702.31,  467.32,  692.25
 448.62,  450.41,  211.36
 448.73,  449.54,  336.36
 448.83,  448.67,  461.36
 446.83,  575.39,  212.23
 446.94,  574.52,  337.23
 447.04,  573.65,  462.23
 445.04,  700.37,  213.10
 445.15,  699.51,  338.10
 445.25,  698.64,  463.10
 573.61,  452.20,  211.27
 573.71,  451.33,  336.27
 573.82,  450.46,  461.27
 571.82,  577.18,  212.14
 571.92,  576.31,  337.14
 572.03,  575.44,  462.13
 570.03,  702.16,  213.01
 570.13,  701.30,  338.01
 570.24,  700.43,  463.00
 698.59,  453.99,  211.18
 698.70,  453.12,  336.17
 698.81,  452.25,  461.17
 696.80,  578.97,  212.05
 696.91,  578.10,  337.04
 697.02,  577.23,  462.04
 695.02,  703.95,  212.92
 695.12,  703.09,  337.91
 695.23,  702.22,  462.91
 448.27,  450.09,  448.76
 447.37,  446.91,  573.71
 446.47,  443.72,  698.67
 449.30,  575.05,  451.95
 448.40,  571.86,  576.90
 447.50,  568.68,  701.86
 450.33,  700.00,  455.14
 449.43,  696.82,  580.09
 448.54,  693.63,  705.05
 573.26,  449.04,  449.63
 572.36,  445.85,  574.58
 571.46,  442.67,  699.54
 574.29,  573.99,  452.82
 573.39,  570.81,  577.78
 572.49,  567.62,  702.73
 575.33,  698.95,  456.01
 574.43,  695.76,  580.97
 573.53,  692.58,  705.92
 698.25,  447.98,  450.50
 697.35,  444.79,  575.46
 696.45,  441.61,  700.41
 699.29,  572.93,  453.69
 698.39,  569.75,  578.65
 697.49,  566.57,  703.60
 700.32,  697.89,  456.88
 699.42,  694.70,  581.84
 698.52,  691.52,  706.80