27, 8, pa1-unknown-d-output.txt
 201.79,  198.90,  200.19
 391.29,  397.04,  207.10
 208.78,  208.43,  209.47
 207.57,  209.90,  334.45
 206.35,  211.37,  459.44
 211.23,  333.40,  208.02
 210.02,  334.87,  333.01
 208.81,  336.34,  457.99
 213.69,  458.37,  206.58
 212.48,  459.84,  331.56
 211.26,  461.31,  456.55
 333.75,  205.99,  210.71
 332.54,  207.46,  335.69
 331.32,  208.93,  460.68
 336.20,  330.96,  209.26
 334.99,  332.43,  334.25
 333.78,  333.90,  459.23
 338.66,  455.93,  207.82
 337.45,  457.40,  332.80
 336.23,  458.87,  457.79
 458.72,  203.55,  211.95
 457.51,  205.02,  336.93
 456.29,  206.49,  461.92
 461.17,  328.52,  210.50
 459.96,  329.99,  335.49
 458.75,  331.46,  460.47
 463.63,  453.49,  209.06
 462.42,  454.96,  334.04
 461.20,  456.43,  459.03
 209.35,  210.99,  451.77
 209.60,  212.83,  576.75
 209.86,  214.68,  701.74
 209.73,  335.97,  449.92
 209.98,  337.82,  574.90
 210.23,  339.67,  699.89
 210.10,  460.96,  448.07
 210.35,  462.81,  573.06
 210.61,  464.65,  698.04
 334.35,  210.61,  451.52
 334.60,  212.45,  576.50
 334.85,  214.30,  701.49
 334.72,  335.59,  449.67
 334.98,  337.44,  574.66
 335.23,  339.29,  699.64
 335.10,  460.58,  447.82
 335.35,  462.43,  572.81
 335.61,  464.27,  697.79
 459.35,  210.23,  451.27
 459.60,  212.08,  576.26
 459.85,  213.92,  701.24
 459.72,  335.21,  449.42
 459.98,  337.06,  574.41
 460.23,  338.91,  699.39
 460.10,  460.20,  447.57
 460.35,  462.05,  572.56
 460.61,  463.89,  697.55
 210.94,  451.58,  209.57
 209.06,  450.32,  334.55
 207.18,  449.07,  459.53
 209.69,  576.57,  210.80
 207.81,  575.31,  335.78
 205.93,  574.06,  460.76
 208.44,  701.55,  212.04
 206.56,  700.30,  337.02
 204.68,  699.04,  462.00
 335.92,  452.81,  211.46
 334.04,  451.56,  336.44
 332.16,  450.30,  461.42
 334.67,  577.80,  212.70
 332.79,  576.54,  337.68
 330.91,  575.29,  462.66
 333.42,  702.79,  213.93
 331.54,  701.53,  338.91
 329.66,  700.28,  463.89
 460.90,  454.04,  213.35
 459.02,  452.79,  338.33
 457.14,  451.53,  463.31
 459.65,  579.03,  214.59
 457.77,  577.78,  339.57
 455.89,  576.52,  464.55
 458.40,  704.02,  215.83
 456.52,  702.76,  340.81
 454.64,  701.51,  465.79
 209.71,  449.24,  450.21
 210.24,  449.11,  575.21
 210.77,  448.99,  700.20
 208.29,  574.23,  450.34
 208.82,  574.10,  575.34
 209.35,  573.98,  700.33
 206.87,  699.22,  450.47
 207.41,  699.10,  575.47
 207.94,  698.97,  700.46
 334.70,  450.65,  449.68
 335.23,  450.53,  574.67
 335.76,  450.41,  699.67
 333.28,  575.65,  449.81
 333.81,  575.52,  574.80
 334.35,  575.40,  699.80
 331.86,  700.64,  449.94
 332.40,  700.51,  574.93
 332.93,  700.39,  699.93
 459.69,  452.07,  449.14
 460.22,  451.95,  574.14
 460.75,  451.82,  699.14
 458.27,  577.06,  449.27
 458.80,  576.94,  574.27
 459.34,  576.82,  699.27
 456.85,  702.06,  449.40
 457.39,  701.93,  574.40
 457.92,  701.81,  699.40
 449.77,  209.03,  211.07
 447.98,  208.42,  336.06
 446.19,  207.81,  461.05
 451.80,  334.02,  211.72
 450.01,  333.40,  336.70
 448.22,  332.79,  461.69
 453.84,  459.00,  212.36
 452.04,  458.38,  337.35
 450.25,  457.77,  462.33
 574.74,  206.99,  212.86
 572.95,  206.38,  337.84
 571.16,  205.77,  462.83
 576.77,  331.97,  213.50
 574.98,  331.36,  338.49
 573.19,  330.75,  463.47
 578.81,  456.96,  214.14
 577.02,  456.34,  339.13
 575.22,  455.73,  464.11
 699.71,  204.95,  214.64
 697.92,  204.34,  339.62
 696.13,  203.72,  464.61
 701.74,  329.93,  215.28
 699.95,  329.32,  340.27
 698.16,  328.71,  465.25
 703.78,  454.91,  215.92
 701.99,  454.30,  340.91
 700.19,  453.69,  465.90
 450.35,  208.07,  450.32
 452.73,  209.93,  575.28
 455.12,  211.80,  700.24
 451.34,  333.05,  448.43
 453.73,  334.92,  573.40
 456.11,  336.78,  698.36
 452.34,  458.03,  446.55
 454.72,  459.90,  571.52
 457.10,  461.76,  696.48
 575.32,  207.04,  447.95
 577.71,  208.90,  572.91
 580.09,  210.77,  697.88
 576.32,  332.02,  446.07
 578.70,  333.89,  571.03
 581.08,  335.75,  695.99
 577.31,  457.00,  444.18
 579.69,  458.87,  569.15
 582.08,  460.73,  694.11
 700.30,  206.01,  445.58
 702.68,  207.88,  570.55
 705.06,  209.74,  695.51
 701.29,  330.99,  443.70
 703.67,  332.86,  568.66
 706.06,  334.72,  693.63
 702.28,  455.98,  441.82
 704.67,  457.84,  566.78
 707.05,  459.70,  691.74
 448.09,  451.18,  210.97
 444.67,  451.96,  335.92
 441.26,  452.75,  460.87
 448.74,  576.18,  210.20
 445.33,  576.96,  335.15
 441.92,  577.74,  460.11
 449.40,  701.17,  209.44
 445.99,  701.96,  334.39
 442.57,  702.74,  459.34
 573.04,  450.55,  214.39
 569.63,  451.33,  339.34
 566.21,  452.11,  464.29
 573.70,  575.54,  213.62
 570.28,  576.33,  338.57
 566.87,  577.11,  463.52
 574.35,  700.54,  212.86
 570.94,  701.32,  337.81
 567.52,  702.11,  462.76
 697.99,  449.91,  217.81
 694.58,  450.70,  342.76
 691.16,  451.48,  467.71
 698.65,  574.91,  217.04
 695.23,  575.69,  341.99
 691.82,  576.48,  466.94
 699.30,  699.90,  216.27
 695.89,  700.69,  341.23
 692.47,  701.47,  466.18
 449.64,  448.28,  451.61
 452.01,  451.99,  576.53
 454.38,  455.71,  701.45
 450.19,  573.22,  447.88
 452.56,  576.93,  572.81
 454.92,  580.65,  697.73
 450.74,  698.16,  444.16
 453.11,  701.88,  569.08
 455.47,  705.59,  694.00
 574.62,  447.66,  449.26
 576.99,  451.37,  574.18
 579.35,  455.09,  699.10
 575.17,  572.60,  445.53
 577.53,  576.32,  570.46
 579.90,  580.03,  695.38
 575.71,  697.54,  441.81
 578.08,  701.26,  566.73
 580.45,  704.97,  691.65
 699.59,  447.04,  446.91
 701.96,  450.75,  571.83
 704.33,  454.47,  696.75
 700.14,  571.98,  443.18
 702.51,  575.70,  568.11
 704.88,  579.41,  693.03
 700.69,  696.93,  439.46
 703.06,  700.64,  564.38
 705.43,  704.35,  689.30